FETCH 3 3 2047 0 0
SEND 3 0 2047 0 0
RECEIVE 0 3 2047 2047 0 0
FETCH 4 4095 2046 0 0
SEND 4 0 2046 0 0
RECEIVE 0 4 2046 2046 0 0
FETCH 1 1 2045 0 0
SEND 1 0 2045 0 0
RECEIVE 0 1 2045 2045 0 0
FETCH 0 0 2044 0 0
ENCODE_PARTIAL 0 4 2047 2046 2045 2044 2043 1 1 1 1 0 0
SEND 0 2 2043 0 0
RECEIVE 2 0 2043 2043 0 0
PERSIST 2 2043 2043 3 0 0
FETCH 0 0 2042 1 1
SEND 0 3 2042 1 1
RECEIVE 3 0 2042 2042 1 1
FETCH 4 4095 2041 1 1
SEND 4 3 2041 1 1
RECEIVE 3 4 2041 2041 1 1
FETCH 1 1 2040 1 1
SEND 1 3 2040 1 1
RECEIVE 3 1 2040 2040 1 1
FETCH 3 3 2039 1 1
ENCODE_PARTIAL 3 4 2042 2041 2040 2039 2033 1 1 1 1 1 1
SEND 3 2 2033 1 1
RECEIVE 2 3 2033 2033 1 1
PERSIST 2 2033 2033 3 1 1
FETCH 0 0 2032 2 2
SEND 0 4 2032 2 2
RECEIVE 4 0 2032 2032 2 2
FETCH 3 3 2031 2 2
SEND 3 4 2031 2 2
RECEIVE 4 3 2031 2031 2 2
FETCH 1 1 2030 2 2
SEND 1 4 2030 2 2
RECEIVE 4 1 2030 2030 2 2
FETCH 4 4095 2029 2 2
ENCODE_PARTIAL 4 4 2032 2031 2030 2029 2027 1 1 1 1 2 2
SEND 4 2 2027 2 2
RECEIVE 2 4 2027 2027 2 2
PERSIST 2 2027 2027 3 2 2
FETCH 0 0 2026 3 3
SEND 0 5 2026 3 3
RECEIVE 5 0 2026 2026 3 3
FETCH 3 3 2025 3 3
SEND 3 5 2025 3 3
RECEIVE 5 3 2025 2025 3 3
FETCH 4 4095 2024 3 3
SEND 4 5 2024 3 3
RECEIVE 5 4 2024 2024 3 3
FETCH 5 4094 2023 3 3
ENCODE_PARTIAL 5 4 2026 2025 2024 2023 2022 142 3 244 122 3 3
SEND 5 2 2022 3 3
RECEIVE 2 5 2022 2022 3 3
PERSIST 2 2022 2022 3 3 3
